.Random.seed <-
c(403L, 11L, -2139204894L, 764448340L, 590747479L, -1663243443L, 
953818852L, -868032822L, 1448189749L, 1803556239L, 1554846358L, 
-1030837696L, 158530307L, -429913311L, 1371991056L, -692495378L, 
2042383257L, 964826155L, -2019847910L, -694508580L, 184616415L, 
415396277L, 1857199948L, -1402587742L, 987698429L, 2084403703L, 
586102558L, -1757722152L, -501406917L, 1119175897L, -2017064856L, 
452320662L, -1046166255L, -568777021L, -1232361774L, -742809756L, 
-1060887897L, 1530727421L, -316375564L, -1926374694L, -925770715L, 
-189116097L, -1371388218L, -2122134704L, -1445350541L, -1731418735L, 
734783424L, -1995402850L, 406215529L, 1818054555L, -1735838038L, 
-1089437492L, 1561592207L, -1012640315L, 34732412L, 1560594898L, 
781301069L, -705845241L, -766900242L, -1715818808L, -655834677L, 
-261606359L, -1254219144L, -1254420570L, 290458049L, -1806909869L, 
809817346L, -1424763852L, 680338871L, 85576109L, -166851900L, 
-268398870L, 854466901L, 1943721711L, -1091672842L, 178959392L, 
-1390500381L, 1982666369L, 1335779568L, -1284726898L, 1239642361L, 
996965003L, 845568698L, 1176933820L, 1607630591L, -371068331L, 
1471759724L, 1190137282L, -519836131L, -1418627433L, 486916094L, 
-2088522824L, -654145637L, 482717177L, 1954049352L, 1995614326L, 
-1175366223L, -2121245725L, 662268082L, 1970734340L, -1063319993L, 
-2119479011L, -1950523500L, 2053915450L, -1199796347L, 218373215L, 
88889062L, 986144112L, -243145069L, 1473429297L, -510294560L, 
-1883708802L, -276901623L, 870150971L, -1861399798L, -1943960852L, 
-1212022929L, 2009342117L, -1969452452L, -4904398L, 2145222957L, 
616695783L, 975769358L, 1635131624L, -1678191893L, -6489207L, 
-206559464L, -1962137018L, -951727455L, 1712565555L, -288623454L, 
-1070597228L, 1965146647L, 1382303245L, 391373604L, -199827702L, 
529560181L, -107056689L, 321403606L, -1819058560L, -14991165L, 
-1297834399L, -335685936L, 2085679150L, 2103801305L, -2054452757L, 
902528090L, -1597151716L, 851478303L, 762846069L, -2053668340L, 
-1377643550L, -870874947L, -1576227017L, -369027106L, -901815016L, 
-763967365L, -217682407L, -1324906840L, 281248854L, 1675837649L, 
140500099L, -1831502062L, -1546892636L, 1576113767L, -1212938307L, 
1511414068L, 16800410L, -960259867L, 1917930111L, 337826822L, 
-907409520L, 895109683L, -999972399L, -1156791424L, 1317019230L, 
-572873303L, 52307035L, -1569817494L, -1074469620L, 1289824079L, 
1781847045L, -57611588L, 210983826L, -60680051L, 642195143L, 
469465006L, 1306780168L, 169297419L, 1400344297L, -570881608L, 
-978491802L, 954819329L, -439900781L, -1762460094L, 486818292L, 
-727311369L, -811720723L, -206296956L, 207867562L, -1553439723L, 
-1288866641L, -764806474L, -1864288032L, -1801698269L, -793347263L, 
484533808L, -714787762L, 1020091577L, -1340139317L, 1219782010L, 
2022463612L, -1846825793L, 751430037L, -359702100L, -726658174L, 
347691357L, 1865373783L, -900460738L, -953862280L, 791567451L, 
-1087566919L, 1410234888L, 1777918134L, 1971197937L, -1735867869L, 
-2084869518L, 1401090244L, 86611591L, 1027221744L, 1862850628L, 
-1672143528L, -1420999622L, -186965136L, -1369660356L, -691676396L, 
463440322L, -987189024L, -1357207684L, -1056117040L, -2129639774L, 
-1632705496L, -1694103284L, -1393024068L, 1611328818L, 2130550720L, 
-1060941260L, -79770680L, 158024890L, -2030407792L, -1613707796L, 
-942161836L, 31297170L, -889406688L, -1493959220L, 971287520L, 
1370739394L, 1993222696L, 2020794028L, 472773308L, -1458183694L, 
1829431600L, -1710449500L, 589845176L, 1552264026L, 1535438224L, 
-1725243012L, 849435924L, -2029139646L, 1644856064L, -1104454724L, 
415238992L, -1529274078L, -882373304L, -181020660L, -652953508L, 
2018497746L, 1637058560L, -659059884L, -2081443352L, -151181318L, 
-1363810608L, 1923093804L, -727525132L, -881240174L, 1185057888L, 
-1554084596L, 1671816928L, -1576096414L, 1728709288L, -672880052L, 
-432666756L, -1728623822L, -1709830544L, -1986110140L, -1790694440L, 
1100800122L, 614454832L, -1333404996L, -276531372L, 470841922L, 
458808224L, 271538364L, 1120432592L, 1443775842L, -839293976L, 
-348715060L, -792885508L, 1457926130L, -1191674752L, 704866548L, 
-1018514296L, -1401637574L, -634903728L, 588131436L, 233803924L, 
-1099208366L, -1200587040L, -1015037748L, 1191237792L, 1024498050L, 
-225404696L, 1500252396L, 808552508L, -892379022L, -760493968L, 
955965988L, 803799608L, -2031609318L, 1410105552L, 111707708L, 
1307389076L, 492881026L, -2065365056L, 785546556L, 794029712L, 
1236730914L, 1167388680L, -1430856564L, 1392168988L, 681661586L, 
807251072L, -211598316L, 1027777320L, 426546234L, 1903660240L, 
-1990486932L, -1109260620L, 881741842L, -424714272L, 1972087756L, 
952983008L, -1065182174L, 352265512L, -1117529844L, 1678241340L, 
1838232818L, 1156032752L, -2129795260L, -323039144L, 492519994L, 
-1564509968L, -2014883140L, -322012652L, -32740158L, -1834523040L, 
-1412401796L, 85062864L, -720624606L, 1059121320L, 112840076L, 
-421244484L, -587229134L, -193952960L, -1834742092L, -1968611000L, 
799515322L, 1073315600L, -180330260L, 1701849172L, -1486158062L, 
1287201184L, -135469108L, 161939296L, -49783614L, 1153560104L, 
1782323628L, -1386560708L, 602788722L, 327864112L, -1971691484L, 
-1787711944L, -1234152742L, -185895024L, 641201404L, 907869588L, 
2131702594L, -148485632L, -1055520708L, -503139760L, -1763839838L, 
153838408L, 1176013324L, 1926953692L, 736112722L, 904219776L, 
-219084972L, -916115480L, 1353876218L, 1667614544L, 467051564L, 
1436735860L, 154078866L, -1920097696L, 898216076L, -154717856L, 
1258756322L, 1528827048L, -1823160628L, -1839621636L, -172082254L, 
863372272L, 1957843396L, 2019806552L, -444522118L, 628445616L, 
1637935548L, 1329118804L, -319252030L, 61596448L, -1362431044L, 
1079341136L, -858326046L, -442785944L, -2018674868L, -586993924L, 
-1581697294L, -1860682496L, 1946709108L, 2020150792L, 522282426L, 
520254928L, -1045121044L, -1194415212L, 1618397394L, 1959314528L, 
-1333211828L, -803269856L, -1321428350L, -190152216L, 1408310252L, 
-613581252L, -51542414L, 391318384L, 1242512676L, -339535304L, 
77698871L, -1136867904L, -1460999522L, 1196524395L, -136357139L, 
688607066L, -746879976L, -1580826239L, -498731213L, 283716948L, 
-1255626910L, 2053635063L, -1101626303L, 641544390L, -928481788L, 
-1076414027L, 229623455L, 957449976L, -1321964842L, -1515421853L, 
-1431156955L, 240565442L, -1554138704L, -1674767911L, -1908302005L, 
893507004L, 272106986L, -533954017L, 785328297L, -1458905026L, 
461672748L, 274619261L, 1787769287L, 1747870896L, 1551004366L, 
-355801093L, 460517469L, 1648629642L, 826185640L, 284794129L, 
513811459L, 1090916100L, 93889330L, 1430012295L, -1578588207L, 
276171094L, -1530730700L, -408040891L, 43792015L, 526966792L, 
-949205978L, 687922387L, -1115013579L, -1432226414L, -1991702176L, 
327069897L, 2124268539L, 1796121548L, 565730906L, 1475232591L, 
1188223513L, 2025560110L, -1639786948L, 882125741L, -885029801L, 
1962439072L, -1275491586L, -1866815029L, 220794829L, 1677067002L, 
-1103595208L, -878198047L, 297551251L, -1167479372L, 400109250L, 
-792068393L, -902664415L, 1748485862L, -398475292L, -643076331L, 
-1416313025L, -61746472L, -338290954L, 1766883587L, -1922792891L, 
-1750691230L, 894538192L, 805875449L, -1307284437L, 1670720412L, 
863617994L, -489587521L, -857186807L, -1344989410L, 376282828L, 
673144477L, -344384729L, -199756464L, 905935854L, 1575339163L, 
123612925L, -2053442070L, 840042120L, -620998607L, -1576916317L, 
-1509256540L, 413762386L, -396293465L, 502757105L, 1865995830L, 
994392788L, -1446326683L, 178846831L, 1666647720L, 230818822L, 
-959114957L, 537726357L, 1757159922L, -1039200704L, -289509463L, 
-463982053L, -231683092L, 1884785658L, 259844143L, 1687414841L, 
2129689166L, 634182300L, -1029914611L, 237640823L, 359545984L, 
-1305576738L, -111892053L, -1150623059L, 1034925850L, -124033064L, 
528278593L, -640077069L, 1104213268L, 1034821794L, 266108343L, 
2130112897L, -279754874L, -98622012L, 726234357L, -1052377761L, 
1525690296L, -1493867882L, -2096083805L, 522978917L, 2010833794L, 
